1309796236
5386401832
1309796236
5386401832
1309796236
5386401832
1309796236
5386401832
1309796236
5386401832
1309796236
5386401832
1309796236
5386401832
1309796236
5386401832
1309796236
5386401832
1309796236
5386401832
1309796236
5386401832
1309796236
5386401832
1309796236
5386401832
1309796236
5386401832
1309796236
5386401832
1309796236
5386401832
1309796236
5386401832
1309796236
5386401832
1309796236
5386401832
1309796236
5386401832
1309796236
5386401832
1309796236
5386401832
1309796236
5386401832
1309796236
5386401832
1309796236
5386401832
1309796236
5386401832
1309796236
5386401832
1309796236
5386401832
1309796236
5386401832
1309796236
5386401832
1309796236
5386401832
1309796236
5386401832
1309796236
5386401832
1309796236
5386401832
1309796236
5386401832
1309796236
5386401832
1309796236
5386401832
1309796236
5386401832
1309796236
5386401832
1309796236
5386401832
1309796236
5386401832
1309796236
5386401832
1309796236
5386401832
1309796236
5386401832
1309796236
5386401832
1309796236
5386401832
1309796236
5386401832
1309796236
5386401832
1309796236
5386401832
